40.20 93.181
40.40 93.420
40.60 93.496
40.80 93.350
41.00 93.517
41.20 93.221
41.40 93.134
41.60 93.337
41.80 93.066
42.00 93.171
42.20 93.085
42.40 93.229
42.60 93.518
42.80 93.272
43.00 93.468
43.20 93.384
43.40 93.458
43.60 93.077
43.80 93.523
44.00 93.418
44.20 93.562
44.40 93.524
44.60 93.412
44.80 93.057
45.00 93.465
45.20 93.524
45.40 93.348
45.60 93.514
45.80 93.381
46.00 93.501
46.20 93.108
46.40 93.311
46.60 93.247
46.80 93.116
47.00 93.393
47.20 93.527
47.40 93.459
47.60 93.306
47.80 93.270
48.00 93.785
48.20 93.004
48.40 93.222
48.60 93.613
48.80 93.264
49.00 93.468
49.20 93.461
49.40 93.440
49.60 93.385
49.80 93.161
50.00 93.601
50.20 93.317
50.40 93.444
50.60 93.257
50.80 93.118
51.00 93.586
51.20 93.468
51.40 93.665
51.60 93.021
51.80 93.729
52.00 92.934
52.20 93.367
52.40 93.220
52.60 93.758
52.80 93.729
53.00 93.527
53.20 93.016
53.40 93.176
53.60 93.726
53.80 93.592
54.00 93.234
54.20 93.581
54.40 93.192
54.60 93.312
54.80 93.392
55.00 93.042
55.20 93.227
55.40 93.608
55.60 93.285
55.80 93.580
56.00 93.090
56.20 93.120
56.40 93.595
56.60 93.078
56.80 93.512
57.00 93.108
57.20 93.389
57.40 92.979
57.60 93.450
57.80 93.422
58.00 93.516
58.20 93.139
58.40 92.974
58.60 93.371
58.80 93.183
59.00 93.316
59.20 93.347
59.40 92.960
59.60 93.481
59.80 93.441
60.00 93.214
